# RedWire Note Cells Pixel Font
# Designed and parsed by M3 and CXRedix

h 5

w 4
c A
0 1 1 0
1 0 0 1
1 1 1 1
1 0 0 1
1 0 0 1

w 4
c B
1 1 1 0
1 0 1 0
1 1 1 1
1 0 0 1
1 1 1 1

w 4
c C
1 1 1 1
1 0 0 0
1 0 0 0
1 0 0 0
1 1 1 1

w 4
c D
1 1 1 0
1 0 0 1
1 0 0 1
1 0 0 1
1 1 1 0

w 4
c E
1 1 1 1
1 0 0 0
1 1 1 0
1 0 0 0
1 1 1 1

w 4
c F
1 1 1 1
1 0 0 0
1 1 1 0
1 0 0 0
1 0 0 0

w 4
c G
1 1 1 1
1 0 0 0
1 0 1 1
1 0 0 1
1 1 1 1

w 4
c H
1 0 0 1
1 0 0 1
1 1 1 1
1 0 0 1
1 0 0 1

w 3
c I
1 1 1
0 1 0
0 1 0
0 1 0
1 1 1

w 4
c J
1 1 1 1
0 0 1 0
0 0 1 0
1 0 1 0
1 1 1 0

w 4
c K
1 0 0 1
1 0 1 0
1 1 0 0
1 0 1 0
1 0 0 1

w 3
c L
1 0 0
1 0 0
1 0 0
1 0 0
1 1 1

w 5
c M
1 0 0 0 1
1 1 0 1 1
1 0 1 0 1
1 0 0 0 1
1 0 0 0 1

w 5
c N
1 0 0 0 1
1 1 0 0 1
1 0 1 0 1
1 0 0 1 1
1 0 0 0 1

w 4
c O
0 1 1 1
1 0 0 1
1 0 0 1
1 0 0 1
1 1 1 0

w 4
c P
1 1 1 1
1 0 0 1
1 1 1 1
1 0 0 0
1 0 0 0

w 4
c Q
1 1 1 1
1 0 0 1
1 0 0 1
1 0 1 1
1 1 1 0

w 4
c R
1 1 1 1
1 0 0 1
1 1 1 1
1 0 1 0
1 0 0 1

w 4
c S
0 1 1 1
1 0 0 0
1 1 1 1
0 0 0 1
1 1 1 0

w 5
c T
1 1 1 1 1
0 0 1 0 0
0 0 1 0 0
0 0 1 0 0
0 0 1 0 0

w 4
c U
1 0 0 1
1 0 0 1
1 0 0 1
1 0 0 1
0 1 1 0

w 4
c V
1 0 0 1
1 0 0 1
1 0 0 1
1 0 1 0
0 1 0 0

w 5
c W
1 0 0 0 1
1 0 0 0 1
1 0 1 0 1
1 0 1 0 1
0 1 0 1 0

w 4
c X
1 0 0 1
1 0 0 1
0 1 1 0
1 0 0 1
1 0 0 1

w 5
c Y
1 0 0 0 1
1 0 0 0 1
0 1 0 1 0
0 0 1 0 0
0 0 1 0 0

w 4
c Z
1 1 1 1
0 0 0 1
0 1 1 0
1 0 0 0
1 1 1 1

w 3
c 0
1 1 1
1 0 1
1 0 1
1 0 1
1 1 1

w 3
c 1
0 1 0
1 1 0
0 1 0
0 1 0
1 1 1

w 3
c 2
1 1 1
0 0 1
1 1 1
1 0 0
1 1 1

w 3
c 3
1 1 1
0 0 1
1 1 1
0 0 1
1 1 1

w 3
c 4
1 0 1
1 0 1
1 1 1
0 0 1
0 0 1

w 3
c 5
1 1 1
1 0 0
1 1 1
0 0 1
1 1 1

w 3
c 6
1 1 1
1 0 0
1 1 1
1 0 1
1 1 1

w 3
c 7
1 1 1
0 0 1
0 0 1
0 0 1
0 0 1

w 3
c 8
1 1 1
1 0 1
1 1 1
1 0 1
1 1 1

w 3
c 9
1 1 1
1 0 1
1 1 1
0 0 1
1 1 1

w 3
c ,
0 0 0
0 0 0
0 0 0
0 1 0
0 1 0

w 3
c ;
0 0 0
0 1 0
0 0 0
0 1 0
0 1 0

w 3
c :
0 0 0
0 1 0
0 0 0
0 1 0
0 0 0

w 3
c .
0 0 0
0 0 0
0 0 0
0 1 0
0 0 0

w 5
c +
0 0 1 0 0
0 0 1 0 0
1 1 1 1 1
0 0 1 0 0
0 0 1 0 0

w 5
c *
1 0 1 0 1
0 1 1 1 0
1 1 0 1 1
0 1 1 1 0
1 0 1 0 1
